0.13633001986232962 94.0568370973448 0.0 32.92876295861873 61.14910098703457 50.81164347531671 91.02139660008197 98.59208008860534 96.5197848173639 87.9534603832159 84.49207566281598 105.47088682781535
25.12255738627228 72.60941599412199 32.92876295861873 0.0 34.40056651983476 25.179042425047513 58.42710595028021 65.6904720580507 67.63801788024834 55.40939509956706 56.96185301212306 73.00923694966109
59.11330775327133 77.90355108627165 61.14910098703457 34.40056651983476 0.0 48.53775582767022 38.54174080730377 52.32254490182282 72.78291840834308 35.59867771859655 23.391800784274754 63.93924472216695
21.07143465499597 47.75840832725908 50.81164347531671 25.179042425047513 48.53775582767022 0.0 54.637657249447784 55.571490578579656 45.74198796684496 52.299464575010894 66.19753805154636 58.78922826949704
75.50327070625897 43.02039040870292 91.02139660008197 58.42710595028021 38.54174080730377 54.637657249447784 0.0 15.859290136201942 49.02415671843167 3.132957876280988 31.136347088182074 28.73001242152276
72.77831819188755 27.396955529693344 98.59208008860534 65.6904720580507 52.32254490182282 55.571490578579656 15.859290136201942 0.0 36.76406644172844 17.869666231109676 46.98719468313391 12.883917578028917
42.10052749991452 7.136902726422667 96.5197848173639 67.63801788024834 72.78291840834308 45.74198796684496 49.02415671843167 36.76406644172844 0.0 49.268358096190106 77.43546337934377 28.75276851085002
73.31112585995143 45.258676812932364 87.9534603832159 55.40939509956706 35.59867771859655 52.299464575010894 3.132957876280988 17.869666231109676 49.268358096190106 0.0 29.527488105485507 30.59827637622046
82.07813923952094 73.45463450587192 84.49207566281598 56.96185301212306 23.391800784274754 66.19753805154636 31.136347088182074 46.98719468313391 77.43546337934377 29.527488105485507 0.0 59.86513986995799
69.79581784392916 14.863000693654138 105.47088682781535 73.00923694966109 63.93924472216695 58.78922826949704 28.73001242152276 12.883917578028917 28.75276851085002 30.59827637622046 59.86513986995799 0.0
